-51.759704 -41.974654
-51.743857 -18.012328
-51.721202 -11.943778
-51.746652 21.920241
-51.732796 30.019489
-51.821249 48.010194
-47.219073 3.975010
-47.221918 9.964446
-47.195452 24.024853
-47.264832 38.023870
-47.189454 41.957915
-42.725841 -35.993826
-42.800479 -27.956770
-42.844600 -13.936170
-42.758712 1.890146
-42.675044 46.093312
-38.244833 -7.947540
-38.225475 4.002783
-38.299331 9.967180
-38.248770 27.993188
-38.245974 31.982029
-38.267016 41.964267
-38.217859 45.962456
-33.712390 -22.038006
-33.716134 -1.986318
-33.789363 10.008079
-33.734738 14.043828
-33.815607 36.009094
-33.700343 38.012204
-33.807741 42.019365
-33.734984 44.002843
-33.756712 47.969987
-29.304436 -25.997375
-29.212211 -4.076510
-29.336873 -0.072226
-29.259616 4.137819
-29.206997 22.051565
-29.270845 29.969220
-24.819871 -15.982912
-24.759022 14.028288
-24.707209 31.955605
-20.257905 -18.015901
-20.202416 16.061381
-15.725418 -50.034147
-15.773140 -20.010942
-11.312098 -9.981589
-11.291812 5.986928
-11.197059 14.003645
-11.183842 29.987960
-6.750489 -33.976279
-6.775001 4.043109
-6.704429 5.995020
-6.763512 50.062306
-2.302189 -37.956413
-2.272799 -22.138646
-2.290544 -19.948192
-2.223965 2.015121
-2.301750 24.022801
2.186007 -7.968574
2.259285 3.897449
6.826442 9.989864
6.763193 16.035764
6.779297 33.971198
6.727801 36.009143
6.772385 42.022368
6.675562 44.029183
11.333715 -32.083021
11.241295 -26.065199
11.189518 -7.918598
11.234133 6.150613
11.275400 28.067592
11.243090 50.019970
15.785396 -25.972067
15.765260 27.920781
15.880725 30.027620
20.248685 -35.999484
20.270672 -0.000412
20.280720 1.977432
20.203733 23.989311
24.737442 -40.087016
24.791964 29.943387
33.767615 -33.984037
33.702669 26.033495
38.246135 19.991360
38.175423 26.003504
42.814103 -46.060378
42.715049 -34.043135
42.794077 30.022971
42.641953 42.040693
47.298586 -10.047325
47.202437 -1.981469
47.188271 16.073425
47.268854 23.994062
47.258915 28.010065
47.366055 33.957196
47.247960 37.996833
47.310636 46.130837
51.856404 -40.021017
51.725120 -29.944946
51.736057 -28.006210
51.704231 18.098825
51.723928 23.992931
51.731577 47.984797