-51.769836 -31.984204
-51.781981 -27.976994
-47.236055 -33.960588
-47.232091 -13.973676
-47.283192 -11.969573
-47.264776 -1.979793
-47.256987 13.952046
-42.731699 -17.894216
-42.762186 -2.035097
-42.782528 14.005341
-42.705311 24.002176
-42.655221 39.957978
-42.737044 47.970060
-38.250087 -43.949355
-38.180583 -20.044997
-38.343583 2.004082
-38.255943 35.967525
-38.279991 39.969867
-33.746323 -35.956514
-33.701534 -30.059744
-33.838380 -7.959022
-33.766672 16.075569
-33.706777 30.021847
-33.726487 32.000223
-29.229449 -11.966744
-29.336133 5.915860
-29.277789 19.983115
-29.289744 36.084753
-29.292566 42.074615
-24.743345 -37.982203
-24.755592 8.096182
-24.683428 22.023487
-20.314726 -48.005191
-20.328479 -38.011359
-20.243595 -36.066961
-20.254295 -33.968502
-20.257477 -16.066096
-20.179456 31.979266
-20.160898 40.034139
-15.740425 -29.984939
-15.794144 -3.964865
-15.735586 30.004230
-15.785792 32.027530
-15.805121 40.108129
-11.306071 -37.953718
-11.237617 -26.007005
-11.200602 33.953239
-11.288967 47.957353
-6.886965 -21.984830
-6.762580 13.959196
-6.675764 25.957741
-6.791409 27.911706
-6.760211 36.087502
-6.833421 48.087290
-2.294205 -40.056532
-2.275683 -35.980756
-2.305238 -27.967011
-2.332375 -26.024511
-2.188459 11.971303
2.258177 -34.029497
2.180845 -0.089856
2.147624 21.961039
6.707331 -45.974839
6.669864 -44.036663
6.891282 -31.927932
6.751036 -30.016234
6.753536 26.015366
11.230966 -29.970148
11.280750 25.950838
11.243327 47.962254
15.789428 -42.037403
15.718832 -30.063890
15.804059 -17.976430
15.716708 -4.036659
15.624026 36.055136
20.238096 -42.006858
20.246838 -21.995549
20.171454 -3.927221
20.206807 38.014821
20.266487 46.061448
24.785251 -47.969045
24.797573 -32.006498
24.838459 -11.996202
24.745184 1.902600
24.716407 18.017646
29.234128 -35.991264
29.354186 16.003958
29.350628 19.979684
29.273630 22.075857
29.264773 30.031031
29.206109 44.006254
33.765422 -46.010814
33.775142 -16.055840
33.751479 -5.959584
33.697160 10.047795
33.668971 19.967190
33.689913 46.019379
33.708382 48.005187
38.288451 -20.012106
38.257391 -12.019106
38.245682 -8.058920
38.287874 2.035242
38.307121 43.918009
42.749314 -49.965860
42.642962 -43.876529
42.762442 -37.996163
42.813127 -19.892203
42.738611 -12.014058
42.730009 -2.133966
42.753132 50.085382
47.260110 -46.002605
47.375374 -41.936988
47.201259 -11.999221
47.254875 35.957170
47.328123 40.062860
51.743239 -4.040100
51.686375 -0.006921
51.818861 46.059202
51.778839 49.963624