-51.732212 -38.022443
-51.706297 -9.958716
-51.765470 -6.054260
-51.769572 23.993611
-51.636976 25.964129
-51.716709 31.953236
-51.831197 43.953502
-47.129125 -32.016552
-47.299328 -21.987466
-47.234215 22.015553
-42.725134 -5.964034
-42.736132 22.037182
-42.699975 25.975768
-42.635001 32.011557
-38.207492 -50.059715
-38.242883 -32.023400
-38.192297 -13.979442
-38.301597 -1.964169
-38.225084 17.985054
-38.233103 26.080361
-33.716806 -43.959701
-33.692577 34.029251
-33.876129 45.990015
-29.223037 11.972974
-24.759565 -30.044001
-24.710298 -18.029220
-24.729840 -9.932874
-24.843753 -6.064596
-24.713144 25.999813
-20.221645 -50.094336
-20.226397 -23.996710
-20.233435 22.029647
-20.224160 43.957478
-15.720205 4.091603
-15.760025 19.973306
-11.214837 -35.997009
-11.280984 -18.073009
-11.395724 -12.006277
-11.206874 -4.067149
-11.235525 10.043102
-11.269270 19.937670
-11.308193 49.979396
-6.731985 -27.999974
-6.691051 12.139336
-6.678309 19.997924
-6.703962 22.056226
-6.767177 46.005166
-2.231391 -9.996758
-2.212884 37.989672
-2.314052 42.030225
2.208895 -49.973619
2.222924 -28.019881
2.346876 -13.924525
2.242990 -10.042705
2.249795 10.005987
2.259238 36.014312
6.827653 -50.020417
6.779492 -5.989245
6.707111 -3.999991
6.760612 4.003503
6.712774 6.023793
6.816739 20.085935
6.771084 37.988039
6.729073 45.980620
11.284955 -42.053425
11.231921 -28.011347
11.324109 3.963925
11.319836 10.014160
11.348511 23.962393
15.763787 -48.003215
15.871575 -39.987066
15.709377 25.848870
15.771480 47.994722
20.228883 -28.011828
20.284529 50.006164
24.779099 -13.991537
24.795804 34.030747
29.270634 -40.024343
29.236364 -27.949883
29.222937 -19.973885
29.211013 -1.938950
29.147498 13.939817
29.252358 17.954183
29.288058 33.931110
33.820886 -48.082728
33.714353 -28.014016
33.654076 -8.037342
33.822734 5.951047
33.734905 8.041281
33.773040 32.040776
33.791292 34.045706
33.714991 44.006456
38.271354 -47.988570
38.308100 -43.985913
38.241824 -42.089708
38.278623 5.928855
38.307137 49.994501
42.791196 -41.967154
42.749406 -32.033286
42.767074 28.009993
47.230650 -48.074675
47.270802 -38.014383
47.188223 -26.052128
47.333014 3.972983
47.261732 21.960259
47.258690 29.968938
51.767135 -42.012431
51.676648 5.971915
51.821081 12.064132
51.745004 36.053812