-51.767706 -43.988801
-51.767764 -21.981363
-51.760465 10.107761
-47.335774 -38.008609
-47.260913 -10.056228
-47.279143 -6.015842
-47.219648 5.957483
-47.166409 33.993925
-47.214336 40.005103
-42.712199 -30.051865
-42.712502 -9.931384
-42.834802 -8.008756
-42.851198 -3.991873
-42.749856 12.042351
-42.672606 17.981867
-42.721968 42.112114
-38.225973 -23.972877
-38.258725 -21.994549
-38.261284 37.988094
-33.673849 -41.914802
-33.707818 -14.019495
-33.759615 -5.974786
-33.673119 0.055685
-33.693287 7.984680
-33.753384 25.984267
-29.197541 -31.999661
-29.154256 -17.922782
-29.301027 7.974962
-29.262834 25.974399
-29.237724 32.098467
-24.692400 6.020829
-24.643372 15.974581
-24.803104 20.084359
-20.265655 -45.955699
-20.216557 -27.986855
-20.235261 -13.975937
-20.223355 12.008734
-15.781807 -32.038617
-15.764466 -27.972702
-15.862987 -2.072623
-15.676628 44.024081
-11.206130 -21.964089
-11.270186 37.985134
-6.751577 -47.995874
-2.243187 -2.009911
-2.186553 33.961411
2.228812 -46.055282
6.780602 -39.980478
6.784879 -34.010238
6.781369 -7.992016
11.247649 -16.016870
11.356488 2.062285
15.715693 -36.041346
15.738967 -1.945539
15.749140 44.023895
15.735542 45.984386
20.227858 -29.974502
20.292189 -24.014077
20.188329 -1.988997
20.242380 20.044414
20.255649 21.937761
20.256376 40.023918
24.834116 -43.941665
24.765523 -29.963113
24.624485 3.988160
24.669171 25.985534
24.725852 49.990150
29.188666 -41.993074
29.214769 -38.030400
29.325817 -25.963860
29.316414 -4.032310
29.190039 4.002425
29.172482 45.931962
29.272896 49.994164
33.786036 -31.992641
33.811675 -24.010797
33.668284 -20.037411
33.842946 -18.050859
33.727335 14.040810
33.691309 22.074577
33.727575 49.933804
38.180852 -32.090544
38.249738 22.042033
42.759590 -30.032750
42.724102 -17.975871
42.736061 5.976606
42.803404 9.965912
42.802056 15.994179
42.708812 17.943728
47.224675 -50.057424
47.246384 -44.007324
47.295504 -21.999519
47.237773 -18.075161
47.311814 -0.084683
47.156819 10.085561
47.238624 25.928474
47.233523 42.057608
51.740551 -26.048503
51.774843 -24.059820
51.827094 -9.967894
51.843334 19.936626
51.776101 22.020381