-51.799955 -36.036390
-51.799743 -13.995827
-51.698485 -0.045686
-51.737491 42.007483
-51.688371 45.932576
-47.237177 -18.030943
-47.261363 8.007305
-47.276129 46.061889
-38.298673 -37.972895
-38.284263 -18.062102
-38.253023 0.012668
-38.280214 6.014270
-33.707253 -47.839734
-33.748705 -40.027540
-33.782535 -19.929588
-33.754935 4.109321
-29.297286 -28.091406
-29.270510 -20.010483
-29.296931 9.965875
-29.266783 47.937922
-24.698226 -49.963314
-24.743454 1.976625
-24.760054 18.098437
-24.720675 23.976373
-24.717607 28.043023
-24.839202 33.922715
-24.644853 37.902888
-24.757429 50.045766
-20.276541 -40.046272
-20.233017 -6.010384
-20.233948 -0.012938
-20.219502 23.967819
-20.183532 48.019961
-15.761558 -38.079059
-15.749802 -23.973935
-15.681844 -8.100839
-15.734316 6.032548
-15.743883 9.991554
-15.793423 25.981133
-15.835745 33.969066
-15.748708 37.941828
-11.181241 -42.084122
-11.232969 -40.005480
-11.233797 -31.970160
-11.204668 -30.021840
-11.213869 -14.050082
-11.216094 -6.057167
-11.242532 12.015462
-11.268180 18.052900
-6.744293 -25.976115
-6.615581 -10.051558
-6.721621 -5.977141
-6.710346 31.998700
-6.718080 33.974415
-6.764490 41.997301
-2.199507 -17.996554
-2.245811 -14.030072
-2.276681 -7.996195
-2.232651 18.020748
-2.233426 43.952992
2.173600 -38.081092
2.209233 -35.943874
2.243965 -31.993615
2.293434 -30.066767
2.245988 6.051471
2.311166 17.968328
2.200616 19.953853
2.227262 41.959663
6.753305 -24.037787
6.804490 -15.905774
11.285139 -45.962267
11.282825 -23.950593
11.295770 -22.000304
15.813939 -49.974795
15.795478 -8.010119
15.769604 -5.996153
15.791254 -0.009683
15.716971 5.915629
15.803068 21.973172
15.794254 50.026023
20.219605 -6.084352
24.671140 -21.989759
24.710679 -19.975723
24.677388 43.958826
29.230755 -46.019206
29.261441 -14.079425
29.138484 7.971486
29.197730 12.030767
33.631796 -29.992499
33.813746 -10.023916
33.867124 -4.022028
33.667724 -1.992566
33.764781 18.039937
33.653309 35.945207
33.748833 41.962506
38.252623 -45.992544
38.288169 -30.084376
38.242924 -26.034661
38.174307 -23.918254
38.250355 -21.962133
38.288672 12.055635
38.323242 30.003169
38.362217 34.094731
42.762945 -40.052301
42.667703 -21.986911
42.771193 0.051540
42.737296 1.965759
42.749793 12.062029
42.796403 26.088328
42.783874 44.034127
47.252545 -33.962870
47.216922 6.025101
51.731458 -16.045220
51.730911 -1.996403
51.731442 3.959700
51.668893 7.971565