-51.759018 -24.155135
-51.693900 -4.085551
-51.745088 6.066524
-47.194637 -41.972420
-47.222460 -19.997576
-47.194303 30.067915
-47.243677 31.958705
-47.281978 35.936785
-42.705174 -40.096170
-42.731953 -33.928980
-42.666132 -16.063136
-42.730900 44.039190
-38.221510 -40.053800
-38.211245 -33.931087
-38.358580 -25.929428
-38.219299 -10.019568
-38.335709 -4.005508
-33.782281 -50.009267
-33.768148 12.019785
-33.680131 24.018244
-33.692696 40.002271
-33.759585 49.942929
-29.209436 -49.981151
-29.221971 -45.964665
-29.176244 -34.029970
-29.238239 -30.046872
-29.275260 24.129079
-29.213742 33.993271
-29.229354 45.947559
-29.198281 49.971538
-24.661068 -48.018902
-24.741742 -0.056392
-24.781309 11.924300
-24.709421 39.965481
-24.804307 42.049040
-24.874377 43.998556
-24.796095 46.022542
-20.288575 41.977802
-20.252033 45.957186
-15.745145 -43.961245
-15.786325 -41.981652
-15.836662 0.063161
-15.762210 17.996800
-15.729786 28.002725
-15.828008 42.021880
-15.789972 46.025557
-11.182246 -2.051179
-11.264714 15.979383
-11.257734 21.998619
-6.809254 -46.062487
-6.736954 -43.958029
-6.712463 -42.052818
-6.786489 -39.975191
-6.746754 -13.889490
-6.774276 -8.027076
-2.285762 -42.000908
-2.293135 -31.984804
-2.261986 -29.990203
-2.264269 -24.008393
-2.267153 8.010296
-2.275177 15.983035
-2.255142 20.011579
-2.343109 26.038859
-2.227777 46.038156
2.223503 -22.047543
2.239020 -17.975247
2.336356 -15.967441
2.210944 30.028675
2.272101 34.035409
2.189600 37.900552
6.697269 -42.049911
6.766467 0.004138
6.681465 11.999134
6.771784 22.149038
6.701217 27.946812
6.714482 30.014001
11.208016 -34.042360
11.303058 -11.952635
11.317631 0.005589
11.199834 21.930455
11.262468 30.016457
11.221148 32.063830
15.705560 -38.029576
15.725472 -32.021062
15.767371 14.009810
15.712376 24.082314
15.698184 41.995366
20.215946 -25.969725
20.273965 -9.881948
20.249945 5.878013
20.253307 12.004761
24.771338 -36.040345
24.741720 -16.064237
24.760413 -6.008891
24.682829 -0.021025
24.743411 8.027781
24.801926 24.115871
24.789567 41.964175
29.258367 -50.038185
29.256368 -43.895682
29.236056 0.061358
29.259265 31.981158
33.662997 28.069318
33.797351 39.982482
38.336787 32.017200
42.653155 -35.974374
42.785243 -27.999450
42.777352 -13.902236
42.789955 21.972175
42.812282 33.936150
42.699273 37.980339
47.236587 -19.973255
47.262587 7.979595
47.317086 50.003914
51.638905 -45.926799
51.814461 -35.941832
51.599605 -32.064049
51.789920 -14.009657
51.793283 -12.066015
51.796128 1.996018
51.637613 10.083358
51.804290 25.928444