-51.757925 -49.959423
-51.817788 -40.010306
-51.703090 -29.993693
-51.711427 -26.034036
-51.717586 8.063509
-51.798310 33.927641
-51.783486 38.012331
-51.817874 39.932530
-51.769989 49.948193
-47.152595 -50.009587
-47.200461 -29.937480
-47.294471 -27.949938
-47.160154 -16.041141
-47.219341 12.022604
-47.280940 27.986950
-47.327643 47.900350
-47.303774 49.989117
-42.676912 -42.022709
-42.747513 -25.941621
-42.679523 -24.055605
-42.720024 4.004802
-42.793093 15.989565
-42.702225 30.064328
-42.731660 49.997702
-38.231757 -27.846685
-38.162999 -6.103174
-38.193771 21.937534
-38.186797 24.078573
-33.715793 -45.951118
-33.766127 -28.112927
-33.725487 -9.903034
-33.718804 5.890953
-33.715449 20.033802
-33.711977 22.077862
-33.724779 28.000247
-29.195749 -41.981173
-29.270250 -39.993647
-29.271282 -37.997163
-29.229972 -35.918626
-29.374903 -23.963346
-29.233083 -2.035586
-29.232722 40.090765
-24.681397 -34.056154
-24.756337 -32.006164
-24.737886 -8.007520
-24.731606 35.991541
-20.170821 -42.004583
-20.347475 14.101650
-20.232811 26.039630
-20.238124 28.025580
-20.305149 30.000912
-15.809538 -14.079209
-15.745015 11.926304
-15.773578 21.978943
-15.776547 49.946770
-11.265948 -49.980823
-11.323152 -48.060409
-11.261544 -16.017234
-11.215311 23.939389
-11.292676 42.071751
-6.691327 -49.981544
-6.757280 -23.999893
-6.712185 -18.018782
-6.766284 0.001561
-6.676042 17.986524
-6.808686 24.078095
-6.646364 29.991373
-6.751341 38.058220
-6.721056 39.969313
-6.660693 44.003784
-2.295302 -11.985213
-2.325592 4.045732
-2.305959 13.967322
2.219584 -43.963606
2.306997 -41.909180
2.157283 -20.031067
2.206500 8.093253
6.684456 -37.965827
6.710901 -25.951684
6.772995 -10.047030
6.759783 47.947468
11.289849 -48.024871
11.329238 -39.974897
11.252638 -18.011639
11.280523 -4.006650
11.272180 11.881226
11.253847 14.016279
15.706968 -22.010361
15.747659 -14.020345
15.771426 -12.027806
15.763406 2.019055
15.712817 17.995224
15.686092 40.029045
20.239973 -47.939080
20.221178 3.976994
20.198788 15.983060
24.786829 -3.948542
24.774221 -2.134308
24.719480 6.002699
24.741348 16.045994
24.694280 38.060752
24.752202 45.982122
29.154043 -11.913003
29.243089 26.005804
29.322670 40.091155
29.262665 47.976227
33.753753 -49.994340
33.740292 -43.991563
33.689805 -35.969865
33.745902 -21.952271
33.684869 30.033962
38.300562 -49.918734
38.215205 -16.044351
38.244639 -14.070717
38.310264 -4.071373
38.259375 -2.011453
38.323943 38.017914
38.139436 42.006578
42.717998 -7.962675
42.773095 24.011566
42.697844 46.028813
47.297880 -14.046357
47.209101 -7.963557
47.252851 14.003895
47.207256 32.080819
47.242296 43.987628
51.780158 -49.965201
51.706487 -38.020613
51.778090 -22.010025
51.721604 -19.990273
51.796272 29.919153