-51.711683 -48.016063
-51.848896 -34.012020
-51.806922 -19.972633
-51.756205 27.922903
-47.263016 -46.054432
-47.154534 -26.024739
-47.242783 -3.866356
-47.206601 -0.032153
-47.240511 17.972135
-47.359536 26.025528
-42.777011 -44.075153
-42.716312 -31.944740
-42.756780 20.098006
-42.709997 27.973514
-42.699698 38.041413
-38.252891 -47.991665
-38.222019 -36.093769
-38.292080 33.929460
-33.782741 18.093464
-29.198407 -47.985989
-29.260182 -8.030096
-29.332052 -6.031778
-29.192435 2.019975
-29.260774 15.945265
-29.260209 43.982539
-24.725276 -28.141559
-24.837018 -13.991513
-20.313308 -43.966871
-20.270345 -29.894106
-20.359064 -25.955197
-20.196691 -22.020269
-20.244072 -7.971381
-20.222852 -4.000185
-20.237692 -1.864433
-20.287195 3.975775
-20.252332 6.057695
-20.237472 9.965246
-20.312531 19.966991
-20.288574 33.963021
-20.227517 37.947249
-15.689678 -47.988432
-15.733803 -46.056087
-15.890181 -9.961569
-15.773194 8.053151
-15.804695 13.954011
-15.798451 15.909408
-15.842400 24.102742
-11.201162 -24.065043
-11.192100 7.989393
-11.229040 25.929779
-11.243903 32.014000
-6.759874 -32.079220
-6.715439 -30.014767
-6.707321 16.017621
-2.279549 10.029505
-2.207561 29.946567
-2.208063 31.982978
2.213668 -40.090212
2.207276 -26.030939
2.253310 13.943430
2.296247 24.018815
2.227682 32.070579
6.747262 -36.124822
6.723968 -22.111534
6.718557 7.975295
6.806332 13.935292
6.784623 23.998827
11.297458 -35.903373
11.307241 -13.938117
11.280369 -2.062958
11.220146 46.002743
15.733657 -33.977139
15.786228 -16.103443
15.783885 4.044537
15.719407 15.933678
15.731865 31.935069
20.249137 -16.045595
20.240419 8.006334
20.224066 26.050924
20.302875 32.025202
20.146958 47.982120
24.693989 -50.028505
24.741172 -37.941637
24.749981 -25.954961
24.707611 -18.038907
24.831565 9.978774
29.234247 -17.977935
29.232770 -9.929765
29.262248 42.066566
38.277445 -5.989908
38.290746 27.988734
38.224824 36.012611
42.762642 -16.006760
42.645806 4.003036
42.729945 40.028998
47.231175 -40.070940
47.214592 -32.039036
47.190633 -29.982832
47.299741 -28.026980
47.282751 -3.947517
47.189518 2.013194
51.795307 -48.091987
51.685682 -44.084649
51.773467 14.018197