-51.777839 -16.009891
-51.803780 1.979735
-51.712598 4.049143
-51.666561 17.951725
-47.228121 -39.997112
-47.190390 -8.059125
-47.262195 16.049957
-47.207968 19.961787
-47.163878 43.946188
-42.824474 -50.052454
-42.774226 -46.043440
-42.867281 -20.013358
-42.778420 -11.983655
-42.750357 34.043644
-38.225860 -16.127117
-38.272021 -12.045176
-38.256277 44.025879
-33.699959 -37.975900
-29.251418 17.983603
-29.241017 27.975225
-24.832518 -36.086608
-24.727510 -23.946898
-24.752199 -11.921731
-24.737372 47.908293
-20.282667 -19.980504
-20.271024 -12.002835
-20.277888 1.973213
-20.322454 8.039784
-20.278666 18.042375
-20.225526 35.996535
-15.693656 -39.979656
-15.701000 -16.049604
-15.754226 36.035793
-15.766805 47.893558
-11.252591 -8.051748
-11.230587 39.992239
-11.255449 44.003914
-6.682474 8.038790
-2.295136 -50.011830
-2.273297 -47.972211
-2.232777 -4.034683
-2.196507 5.990716
-2.354222 50.037780
2.238353 -6.042447
2.212869 -4.014051
2.224073 -1.952033
2.182211 11.950389
2.248129 28.052190
2.225560 40.011214
2.289659 47.910017
6.789668 -19.984907
6.818072 -14.045231
6.752816 -11.898007
6.710653 -1.972547
6.733140 40.023768
6.697353 50.018425
11.251084 -50.089423
11.290753 -43.987921
11.319205 8.005555
11.304665 16.048839
11.239167 40.025437
11.215939 41.952434
15.762349 -46.037403
15.718060 -27.946258
15.739187 -24.083616
15.788349 -20.068432
15.764432 12.079020
20.302242 -45.949593
20.244407 -34.089408
20.276677 -19.914481
20.298051 29.974232
24.750848 -28.000425
24.770782 -9.940187
24.789467 -8.094571
24.761637 14.045447
24.711642 19.952395
24.716523 21.975488
24.697646 27.984621
24.725531 48.050167
29.241553 -48.005124
29.214608 -34.020755
29.195060 -22.029328
29.198765 -7.924058
29.273335 1.976998
29.222972 10.042832
29.193010 35.960884
29.247119 38.024743
33.665780 -41.939937
33.770388 -37.903312
33.640309 0.024940
33.807795 2.055874
33.751411 11.998126
33.759054 15.998243
38.196762 -18.015473
38.214649 17.926632
42.707008 -3.929997
42.694537 32.001577
42.814191 47.965422
47.245110 -24.056642
47.245255 47.977525
51.762586 -7.998881
51.828340 28.088912
51.704653 31.971806
51.707806 34.025609
51.790531 39.901836
51.711272 44.048108