-51.722679 -1.980863
-51.758580 13.911380
-47.275603 -48.024681
-47.216667 2.031273
-42.816508 -48.026740
-42.723454 -22.015758
-42.655169 -0.066811
-42.686255 9.995994
-38.151955 12.123715
-38.259228 16.059768
-38.332171 20.026716
-38.305220 48.002807
-33.748759 -33.974231
-33.787287 -32.008980
-33.752052 -11.915762
-33.802364 -4.005622
-29.303179 -44.100497
-29.200773 14.037174
-29.239432 37.987430
-24.800834 -41.961586
-24.721513 -19.971338
-24.752292 -3.990747
-24.750216 -2.003304
-24.847114 4.061383
-20.259786 -32.016713
-20.276207 -10.002776
-15.772944 -36.071568
-15.707781 -33.907178
-15.685347 -22.010501
-15.708273 -17.985940
-11.267346 -28.135258
-11.291595 0.062621
-11.218706 4.082034
-11.216905 27.998850
-11.173225 35.965767
-11.277337 45.912190
-6.769527 -38.020465
-6.715268 -11.994780
-6.851712 -1.917930
-6.792249 1.980904
-6.697512 9.959270
-2.233800 -45.963636
-2.285639 -5.954174
-2.229455 0.028119
-2.324424 27.998284
2.236107 26.032129
2.156033 46.072052
6.801557 -28.012441
6.744601 -18.051673
6.740827 17.975951
11.290750 -19.984833
11.240740 -5.986220
11.298598 37.955852
15.674869 7.959263
15.810511 9.917470
15.798109 20.070272
15.750710 38.018576
20.308175 -49.970391
20.263395 -44.032446
20.254221 -39.982820
20.163831 -37.895563
20.169442 -32.010575
20.288092 -13.936971
20.283389 -11.966015
20.273685 9.992465
20.216109 17.946675
20.186434 27.939984
20.358450 34.030932
20.316482 35.966158
24.724314 -45.989091
24.679403 -41.975204
24.785678 31.977165
24.766338 36.027166
29.275194 -31.921309
29.269472 -29.915971
29.330625 -23.962819
29.279404 23.976312
29.190962 28.005732
33.739946 -26.081798
33.794136 -11.973394
33.709388 23.965287
38.241557 -40.016459
38.211775 -38.003996
38.171755 -27.940643
38.320537 -10.115071
38.221949 8.057165
38.237321 23.973479
38.279654 46.046415
42.847457 -24.087900
42.798558 -5.959877
42.742438 13.993460
42.718570 19.992310
42.735874 35.888650
47.276350 -36.030589
47.311690 -16.000426
47.290080 -6.099546
47.138055 12.096501
47.340132 18.037421
47.255739 19.941122
51.843881 -18.100349
51.754255 15.985902
51.762427 37.980488